name: img_tools
channels:
  - conda-forge
dependencies:
  - _libavif_api=1.3.0=h57928b3_2
  - _openmp_mutex=4.5=2_gnu
  - aom=3.9.1=he0c23c2_0
  - blosc=1.21.6=hfd34d9b_1
  - bzip2=1.0.8=h0ad9c76_8
  - c-blosc2=2.21.2=h3cf07e4_0
  - ca-certificates=2025.8.3=h4c7d964_0
  - charls=2.4.2=h1537add_0
  - colorama=0.4.6=pyhd8ed1ab_1
  - dataclasses=0.8=pyhc8e2a94_3
  - dav1d=1.2.1=hcfcfb64_0
  - giflib=5.2.2=h64bf75a_0
  - icu=75.1=he0c23c2_0
  - imagecodecs=2025.8.2=py312h424859f_4
  - jxrlib=1.1=hcfcfb64_3
  - lcms2=2.17=hbcf6048_0
  - lerc=4.0.0=h6470a55_1
  - libaec=1.1.4=h20038f6_0
  - libavif16=1.3.0=he916da2_2
  - libblas=3.9.0=35_h5709861_mkl
  - libbrotlicommon=1.1.0=hfd05255_4
  - libbrotlidec=1.1.0=hfd05255_4
  - libbrotlienc=1.1.0=hfd05255_4
  - libcblas=3.9.0=35_h2a3cdd5_mkl
  - libdeflate=1.24=h76ddb4d_0
  - libexpat=2.7.1=hac47afa_0
  - libffi=3.4.6=h537db12_1
  - libfreetype=2.14.1=h57928b3_0
  - libfreetype6=2.14.1=hdbac1cb_0
  - libgcc=15.1.0=h1383e82_5
  - libgomp=15.1.0=h1383e82_5
  - libhwloc=2.12.1=default_h64bd3f2_1002
  - libhwy=1.3.0=h47aaa27_0
  - libiconv=1.18=hc1393d2_2
  - libjpeg-turbo=3.1.0=h2466b09_0
  - libjxl=0.11.1=hb7713f0_4
  - liblapack=3.9.0=35_hf9ab0e9_mkl
  - liblzma=5.8.1=h2466b09_2
  - libpng=1.6.50=h7351971_1
  - libsqlite=3.50.4=hf5d6505_0
  - libtiff=4.7.1=h550210a_0
  - libwebp-base=1.6.0=h4d5522a_0
  - libwinpthread=12.0.0.r4.gg4f2fc60ca=h57928b3_9
  - libxcb=1.17.0=h0e4246c_0
  - libxml2=2.15.0=ha29bfb0_0
  - libxml2-16=2.15.0=h06f855e_0
  - libzlib=1.3.1=h2466b09_2
  - libzopfli=1.0.3=h0e60522_0
  - llvm-openmp=20.1.8=hfa2b4ca_2
  - lz4-c=1.10.0=h2466b09_1
  - mkl=2024.2.2=h57928b3_16
  - numpy=2.3.3=py312ha72d056_0
  - openjpeg=2.5.3=h24db6dd_1
  - openssl=3.5.3=h725018a_0
  - pillow=11.3.0=py312h5ee8bfe_3
  - pip=25.2=pyh8b19718_0
  - pthread-stubs=0.4=h0e40799_1002
  - pypdf2=3.0.1=pyhd8ed1ab_1
  - python=3.12.11=h3f84c4b_0_cpython
  - python_abi=3.12=8_cp312
  - qrcode=8.2=pyhd8ed1ab_0
  - rav1e=0.7.1=ha073cba_3
  - setuptools=80.9.0=pyhff2d567_0
  - snappy=1.2.2=h7fa0ca8_0
  - svt-av1=3.1.2=hac47afa_0
  - tbb=2021.13.0=h18a62a1_3
  - tifffile=2025.9.20=pyhd8ed1ab_0
  - tk=8.6.13=h2c6b04d_2
  - typing_extensions=4.15.0=pyhcf101f3_0
  - tzdata=2025b=h78e105d_0
  - ucrt=10.0.26100.0=h57928b3_0
  - vc=14.3=h41ae7f8_31
  - vc14_runtime=14.44.35208=h818238b_31
  - vcomp14=14.44.35208=h818238b_31
  - vs2015_runtime=14.44.35208=h38c0c73_31
  - wheel=0.45.1=pyhd8ed1ab_1
  - xorg-libxau=1.0.12=h0e40799_0
  - xorg-libxdmcp=1.1.5=h0e40799_0
  - zfp=1.0.1=h2f0f97f_3
  - zlib-ng=2.2.5=h1608b31_0
  - zstd=1.5.7=hbeecb71_2
